1 3884
2 4602
3 4552
4 4563
5 4462
6 4169
7 4009
8 3826
9 3578
10 3407
11 3214
12 2969
13 2760
14 2724
15 2502
16 2459
17 2219
18 2069
19 1971
20 1834
21 1745
22 1641
23 1538
24 1456
25 1394
26 1301
27 1250
28 1140
29 1037
30 985
31 961
32 938
33 792
34 776
35 757
36 685
37 679
38 648
39 640
40 580
41 561
42 493
43 517
44 501
45 431
46 426
47 373
48 400
49 377
50 373
51 288
52 320
53 276
54 266
55 271
56 259
57 249
58 224
59 228
60 226
61 217
62 204
63 186
64 165
65 160
66 184
67 149
68 144
69 137
70 145
71 139
72 112
73 141
74 130
75 122
76 96
77 97
78 111
79 107
80 90
81 96
82 85
83 81
84 92
85 64
86 64
87 83
88 66
89 54
90 61
91 58
92 61
93 42
94 50
95 51
96 43
97 55
98 58
99 44
100 37
101 40
102 44
103 33
104 33
105 35
106 33
107 37
108 31
109 28
110 25
111 27
112 19
113 24
114 23
115 26
116 29
117 20
118 28
119 21
120 22
121 16
122 24
123 18
124 15
125 19
126 17
127 20
128 24
129 17
130 16
131 19
132 23
133 14
134 18
135 14
136 7
137 20
138 16
139 18
140 11
141 13
142 10
143 13
144 6
145 11
146 13
147 6
148 8
149 6
150 9
151 4
152 9
153 6
154 12
155 7
156 10
157 5
158 7
159 6
160 9
161 6
162 2
163 8
164 8
165 8
166 8
167 6
168 7
169 8
170 5
171 2
172 3
173 4
174 6
175 4
176 9
177 5
178 4
179 6
180 8
181 5
182 4
183 2
184 9
185 4
186 4
187 1
189 5
190 2
191 3
192 1
193 5
194 3
195 4
196 1
197 2
198 4
200 3
201 2
202 2
203 1
204 2
205 2
206 3
207 2
208 3
209 5
210 3
211 2
212 1
213 1
214 2
218 2
219 1
220 2
221 3
222 5
223 3
225 1
227 3
229 2
230 1
231 2
232 2
233 2
234 3
235 2
236 2
237 1
239 2
240 3
241 2
242 2
243 2
244 1
245 4
246 1
247 3
248 2
249 2
250 1
251 2
252 2
255 1
256 1
257 1
261 1
262 1
265 3
267 2
268 1
270 1
271 1
273 1
279 1
280 1
281 1
283 1
286 1
287 1
289 1
293 3
294 1
297 1
301 1
304 1
307 2
308 1
314 1
320 1
322 1
325 1
332 1
333 2
341 1
344 1
352 1
356 1
362 1
363 2
369 1
374 1
388 1
408 1
450 1
488 1
495 1
521 1
531 1
613 1
625 1
656 1
682 1
734 1
816 1
844 1
924 1
1693 1
