1 153407
2 107620
3 75140
4 60454
5 50060
6 42971
7 38557
8 37411
9 34090
10 30291
11 26499
12 23373
13 21128
14 18422
15 16463
16 15018
17 13058
18 12078
19 12514
20 11846
21 8473
22 6421
23 4988
24 4273
25 3591
26 3119
27 2875
28 2510
29 2322
30 2203
31 1830
32 1638
33 1514
34 1374
35 1355
36 1256
37 1167
38 1061
39 1090
40 926
41 876
42 770
43 802
44 751
45 715
46 691
47 660
48 564
49 460
50 459
51 511
52 447
53 437
54 456
55 369
56 343
57 367
58 354
59 308
60 315
61 306
62 266
63 268
64 261
65 260
66 249
67 253
68 200
69 199
70 197
71 201
72 194
73 201
74 203
75 165
76 185
77 144
78 163
79 167
80 141
81 109
82 126
83 99
84 113
85 128
86 145
87 117
88 105
89 83
90 103
91 130
92 103
93 115
94 110
95 110
96 95
97 94
98 70
99 77
100 113
101 81
102 69
103 74
104 65
105 63
106 88
107 60
108 81
109 62
110 56
111 56
112 66
113 62
114 67
115 43
116 59
117 55
118 36
119 43
120 34
121 43
122 39
123 52
124 40
125 38
126 45
127 49
128 54
129 32
130 27
131 48
132 28
133 19
134 36
135 37
136 28
137 30
138 32
139 37
140 29
141 25
142 41
143 33
144 36
145 35
146 23
147 18
148 30
149 18
150 34
151 25
152 21
153 28
154 13
155 14
156 21
157 24
158 18
159 14
160 22
161 17
162 18
163 18
164 19
165 12
166 12
167 14
168 12
169 13
170 9
171 10
172 16
173 12
174 16
175 10
176 10
177 12
178 13
179 8
180 13
181 12
182 12
183 23
184 23
185 11
186 13
187 10
188 9
189 12
190 10
191 13
192 10
193 15
194 14
195 11
196 15
197 13
198 7
199 11
200 12
201 8
202 13
203 13
204 13
205 11
206 20
207 10
208 13
209 13
210 10
211 18
212 9
213 8
214 11
215 14
216 7
217 3
218 11
219 11
220 8
221 8
222 10
223 6
224 8
225 9
226 3
227 9
228 10
229 9
230 3
231 6
232 4
233 8
234 2
235 4
236 9
237 3
238 1
239 5
240 4
241 9
242 4
243 6
244 4
245 8
246 4
247 6
248 4
249 9
250 4
251 6
252 7
253 3
254 5
255 7
256 1
257 4
258 3
259 5
260 5
261 8
262 7
263 2
264 7
265 4
266 7
267 11
268 3
269 2
270 4
271 9
272 5
273 8
274 5
275 10
276 4
277 4
278 6
279 8
280 9
281 4
282 2
283 3
284 4
285 3
286 1
287 1
288 5
289 4
290 2
291 6
292 9
293 5
294 5
295 3
296 3
297 3
298 5
299 4
300 5
301 7
302 3
303 1
304 4
305 4
306 9
307 2
308 5
309 4
310 3
311 1
312 3
313 1
314 1
315 3
316 3
317 3
318 3
321 2
322 2
324 6
325 6
326 4
327 4
328 2
329 1
330 3
331 1
332 5
333 2
334 1
335 2
336 4
337 1
338 1
339 1
341 4
342 3
343 4
344 1
345 1
346 2
347 1
348 1
349 1
350 2
352 3
353 1
354 2
355 1
356 2
358 1
359 1
361 3
362 1
363 8
364 4
365 1
367 3
368 4
369 1
370 2
371 5
372 1
373 3
374 3
375 1
377 7
378 2
379 3
380 2
381 1
383 2
384 1
385 2
386 1
387 2
388 1
390 3
391 4
392 1
393 2
394 2
395 2
396 1
397 1
398 1
399 2
400 1
401 2
403 1
404 2
405 1
406 3
407 1
408 1
409 3
410 3
411 5
412 2
413 2
415 4
416 2
417 4
418 1
419 1
420 3
421 2
422 2
423 1
424 2
425 5
426 2
428 1
430 2
431 1
432 2
434 1
435 1
437 1
438 2
439 1
441 1
444 1
445 1
446 1
453 1
454 1
455 1
456 2
457 1
458 3
459 3
460 1
462 2
463 1
464 2
465 2
466 5
467 3
468 5
469 3
470 2
476 4
478 1
479 3
480 5
481 2
486 1
489 1
490 1
492 1
495 1
496 1
497 1
499 2
503 1
504 3
505 3
506 2
508 1
510 1
514 1
516 1
517 1
518 2
519 2
520 1
525 1
526 2
529 1
532 1
533 1
534 1
535 1
537 2
538 1
540 1
543 1
546 1
547 1
551 1
552 1
553 1
554 1
555 1
557 1
558 1
560 1
564 1
565 1
567 1
573 1
574 1
575 1
576 1
577 3
580 1
581 1
583 2
585 4
586 1
588 1
591 1
594 1
595 1
596 1
597 1
598 1
600 2
601 3
602 3
603 1
605 1
606 1
608 1
609 2
610 1
614 2
615 1
616 1
618 5
623 1
627 1
628 1
633 2
635 1
639 1
641 1
642 1
645 2
653 1
658 1
660 1
662 2
664 1
667 1
671 1
675 1
677 1
679 1
688 1
690 1
692 1
696 1
699 1
701 1
702 1
703 2
704 2
705 1
706 1
707 1
712 1
719 1
726 1
728 1
731 2
733 1
736 1
746 1
752 1
753 1
762 1
766 2
770 1
771 2
772 2
773 4
774 2
775 1
777 1
779 1
785 1
796 1
799 1
804 2
817 1
819 1
822 1
829 1
855 1
856 1
857 1
866 1
869 1
872 1
882 1
892 1
910 1
914 1
916 1
924 1
940 2
941 1
945 1
950 1
952 1
959 1
976 1
988 1
999 1
1000 1
1005 1
1059 1
1073 1
1084 1
1087 1
1089 1
1093 1
1116 1
1117 1
1123 1
1125 1
1127 1
1136 1
1147 1
1158 1
1159 1
1168 1
1172 1
1177 1
1197 1
1232 1
1262 1
1275 1
1289 1
1291 1
1318 1
1327 2
1348 1
1350 1
1369 1
1393 1
1438 1
1539 1
1568 1
1578 1
1583 1
1589 1
1668 1
1700 1
1748 1
1771 1
1778 1
1793 1
1855 1
1856 1
1857 1
1858 1
1889 1
1956 1
1980 1
1986 1
1989 1
2028 1
2057 1
2097 1
2122 1
2129 1
2154 1
2155 1
2179 1
2236 1
2262 1
2337 1
2340 1
2411 1
2423 1
2440 1
2500 1
2567 1
2584 1
2589 1
2647 1
2655 1
2662 1
2690 1
2712 1
2731 1
2740 1
2747 2
2768 1
2771 1
2811 1
2860 1
2869 1
2879 1
2970 2
3023 1
3041 1
3052 1
3115 1
3117 1
3119 1
3120 1
3162 1
3183 1
3256 1
3270 1
3303 1
3324 1
3342 1
3372 1
3402 1
3408 1
3416 1
3531 1
3566 1
3728 1
3829 1
3875 1
3908 1
3914 1
3945 1
3956 1
3989 1
4011 1
4016 1
4084 1
4184 1
4200 1
4208 1
4220 1
4222 1
4488 1
4567 1
4621 1
4741 1
4847 1
5100 1
5192 1
5273 1
5356 1
6332 1
