1 136938
2 89134
3 67746
4 55000
5 47458
6 41197
7 36527
8 32867
9 29519
10 27233
11 24714
12 23264
13 22060
14 20398
15 19184
16 18346
17 17065
18 16230
19 15722
20 14486
21 13786
22 13225
23 12756
24 11848
25 11541
26 10989
27 10358
28 9964
29 9528
30 9075
31 8768
32 8333
33 7811
34 7634
35 7301
36 7122
37 6848
38 6479
39 6162
40 5989
41 5709
42 5476
43 5270
44 5164
45 4893
46 4704
47 4583
48 4375
49 4146
50 3951
51 3892
52 3646
53 3646
54 3416
55 3221
56 3205
57 3000
58 2983
59 2843
60 2698
61 2591
62 2498
63 2366
64 2311
65 2292
66 2198
67 2150
68 2006
69 1942
70 1833
71 1753
72 1677
73 1616
74 1611
75 1625
76 1478
77 1458
78 1375
79 1325
80 1320
81 1268
82 1137
83 1165
84 1127
85 1099
86 1071
87 1028
88 982
89 959
90 937
91 836
92 845
93 793
94 812
95 719
96 751
97 663
98 707
99 672
100 624
101 621
102 620
103 530
104 567
105 517
106 512
107 492
108 440
109 455
110 437
111 409
112 395
113 424
114 367
115 403
116 355
117 345
118 362
119 321
120 320
121 304
122 295
123 274
124 284
125 258
126 280
127 225
128 258
129 225
130 227
131 232
132 213
133 232
134 213
135 179
136 214
137 178
138 193
139 169
140 190
141 155
142 168
143 152
144 148
145 178
146 120
147 136
148 116
149 124
150 127
151 127
152 115
153 108
154 101
155 128
156 99
157 107
158 100
159 87
160 103
161 111
162 87
163 93
164 91
165 79
166 95
167 69
168 61
169 78
170 67
171 67
172 65
173 73
174 57
175 64
176 71
177 62
178 51
179 55
180 44
181 52
182 68
183 43
184 47
185 41
186 40
187 54
188 47
189 42
190 42
191 36
192 37
193 29
194 35
195 38
196 32
197 32
198 31
199 39
200 35
201 33
202 25
203 35
204 26
205 30
206 16
207 27
208 28
209 22
210 31
211 32
212 17
213 16
214 27
215 23
216 17
217 22
218 18
219 15
220 16
221 20
222 14
223 24
224 19
225 17
226 18
227 24
228 14
229 20
230 23
231 19
232 16
233 20
234 16
235 6
236 23
237 12
238 13
239 11
240 14
241 10
242 10
243 9
244 10
245 12
246 17
247 6
248 9
249 8
250 9
251 7
252 12
253 8
254 8
255 13
256 12
257 11
258 10
259 9
260 12
261 8
262 2
263 6
264 11
265 9
266 4
267 9
268 9
269 8
270 11
271 7
272 10
273 4
274 11
275 10
276 9
277 4
278 5
279 3
280 6
281 6
282 4
283 9
284 6
285 3
286 8
287 8
288 4
289 7
290 4
291 6
292 5
293 7
294 4
295 7
296 7
297 6
298 9
299 4
300 2
301 6
302 5
303 4
304 5
305 2
306 5
307 2
308 4
309 5
310 1
311 3
312 2
313 3
314 1
315 1
316 4
317 6
318 2
319 6
320 4
321 3
322 2
323 7
325 3
326 4
327 1
329 5
330 6
331 3
332 3
333 7
334 3
335 5
336 1
337 3
338 5
339 3
341 3
342 4
343 5
344 4
345 2
346 2
347 2
348 4
349 2
350 3
351 3
352 4
353 3
354 1
355 2
356 1
357 1
358 1
359 1
360 2
361 4
362 3
365 1
367 5
369 1
370 2
371 5
372 1
373 3
376 1
377 4
378 1
379 4
380 1
381 4
382 1
383 3
384 1
386 2
389 3
390 4
391 1
392 1
394 1
395 2
397 2
398 4
399 3
400 1
401 1
403 1
405 1
406 1
407 1
408 2
409 1
410 2
411 2
413 1
415 3
417 2
418 1
419 1
420 2
421 1
422 4
424 1
426 1
427 2
428 2
430 2
432 1
434 1
435 1
436 2
437 1
439 1
440 1
441 2
443 2
444 2
445 1
447 2
448 2
449 1
451 2
453 2
454 1
457 1
458 1
459 2
461 2
462 1
467 1
469 1
470 1
474 1
478 1
480 2
485 1
488 1
490 1
491 2
492 1
493 1
494 1
495 3
496 2
498 3
501 1
502 3
504 2
508 2
509 1
510 1
512 1
514 1
516 1
520 2
524 1
527 1
529 1
532 1
533 1
534 1
536 1
538 1
540 2
542 1
546 1
547 1
551 1
553 1
555 2
557 1
558 2
562 1
563 1
564 1
565 1
566 1
567 2
569 1
570 2
577 1
580 1
581 1
582 1
587 1
590 1
599 1
604 1
605 1
612 1
623 1
625 1
627 1
632 1
635 1
637 1
640 2
643 1
644 2
650 1
666 1
669 1
670 2
673 1
680 1
688 1
689 2
695 1
700 1
704 1
706 1
720 2
731 2
733 1
736 1
749 1
757 1
760 1
763 1
764 1
767 1
769 1
783 2
786 1
796 1
803 1
824 1
832 1
840 1
845 1
848 1
877 1
885 1
907 1
921 1
1254 1
1695 1
1837 1
