0 1
1 1481
2 1447
3 1312
4 1245
5 1125
6 1005
7 1014
8 913
9 871
10 812
11 780
12 752
13 679
14 626
15 569
16 579
17 505
18 519
19 511
20 425
21 440
22 436
23 370
24 369
25 324
26 326
27 336
28 300
29 259
30 257
31 285
32 271
33 228
34 240
35 221
36 210
37 225
38 187
39 177
40 209
41 192
42 184
43 173
44 156
45 181
46 137
47 122
48 147
49 143
50 113
51 121
52 110
53 107
54 107
55 108
56 84
57 73
58 89
59 62
60 75
61 59
62 77
63 75
64 75
65 85
66 75
67 71
68 62
69 65
70 46
71 38
72 44
73 43
74 40
75 46
76 53
77 38
78 39
79 39
80 29
81 29
82 37
83 32
84 22
85 31
86 33
87 25
88 27
89 31
90 24
91 20
92 25
93 21
94 37
95 35
96 35
97 9
98 23
99 21
100 26
101 15
102 21
103 13
104 16
105 16
106 11
107 9
108 18
109 10
110 12
111 14
112 10
113 11
114 7
115 12
116 6
117 7
118 16
119 9
120 10
121 9
122 15
123 9
124 9
125 8
126 8
127 9
128 8
129 7
130 9
131 11
132 10
133 4
134 9
135 7
136 8
137 5
138 8
139 9
140 6
141 2
142 5
143 8
144 5
145 3
146 6
147 3
148 3
149 8
150 4
151 5
152 1
153 6
154 6
155 4
156 6
157 5
158 1
159 2
160 2
161 7
162 5
163 3
164 3
165 3
166 8
167 2
168 4
169 2
170 7
171 5
172 6
173 4
174 4
175 5
176 2
177 4
178 4
179 3
180 6
181 2
182 1
184 6
185 2
186 2
187 5
188 3
189 1
190 5
191 1
192 1
193 1
194 4
196 1
197 4
198 3
199 4
200 4
201 1
202 3
203 1
204 1
205 1
206 3
207 1
208 1
210 2
211 2
212 1
213 2
214 4
215 4
216 1
217 1
218 2
219 4
220 2
221 1
222 1
226 1
229 2
230 2
231 1
235 1
238 3
239 2
240 1
241 1
242 2
243 1
244 1
245 1
246 1
247 2
248 1
249 2
250 1
251 1
254 2
255 1
256 3
257 3
258 1
261 2
262 3
265 2
266 1
268 1
270 1
272 1
273 1
275 1
276 1
278 1
283 1
287 2
288 1
293 1
294 1
296 1
299 1
301 2
306 2
307 1
312 1
314 1
315 1
316 2
317 2
318 1
329 1
332 1
334 1
337 1
341 2
343 1
344 1
346 1
347 1
348 1
350 1
354 1
355 1
358 2
362 1
370 2
378 1
380 1
388 1
391 1
394 1
395 1
397 1
422 1
428 1
430 1
431 1
434 1
446 1
457 1
458 1
461 1
462 1
463 1
483 1
498 1
532 1
545 1
678 1
772 1
773 1
790 1
806 2
1013 1
1037 1
1124 1
1165 1
1218 2
1308 1
1368 1
1653 1
1797 1
2468 1
