0 2
1 1493
2 1801
3 1487
4 925
5 650
6 575
7 417
8 387
9 283
10 231
11 217
12 155
13 184
14 136
15 121
16 84
17 97
18 98
19 105
20 119
21 84
22 70
23 84
24 75
25 94
26 64
27 48
28 99
29 69
30 51
31 118
32 30
33 32
34 24
35 25
36 17
37 17
38 58
39 26
40 19
41 35
42 38
43 19
44 27
45 35
46 58
47 14
48 6
49 25
50 12
51 25
52 39
53 13
54 22
55 5
56 10
57 14
58 27
59 9
60 6
61 17
62 11
63 12
64 7
65 34
66 15
67 6
68 8
69 25
70 4
71 4
72 6
73 8
74 9
75 6
76 6
77 42
78 4
79 6
80 7
81 5
82 3
83 5
84 7
85 7
86 5
87 5
88 4
89 33
90 49
91 8
92 29
93 10
94 4
95 8
96 9
97 8
98 29
99 5
100 5
101 7
102 4
103 8
104 4
105 5
106 3
107 4
108 5
109 4
110 3
111 4
112 3
113 2
114 2
115 1
116 2
117 5
118 5
119 1
120 2
121 3
122 5
124 4
125 1
126 4
127 2
128 1
129 2
130 1
131 3
132 1
134 2
136 3
137 3
138 2
139 2
140 1
143 3
145 2
146 2
147 1
148 1
149 7
150 1
151 2
152 1
158 1
160 2
161 3
162 1
163 1
164 3
167 1
168 1
169 2
170 2
172 2
173 2
178 3
179 1
181 2
183 1
185 2
186 2
188 1
190 1
192 1
193 1
194 1
202 1
204 1
210 1
211 1
212 1
214 1
228 1
238 44
239 6
240 3
241 2
242 3
243 2
244 4
245 1
246 5
247 6
248 1
249 4
250 2
251 2
252 2
253 2
254 4
256 3
257 2
258 1
259 1
260 2
261 1
263 2
264 2
265 1
266 2
267 1
269 2
270 1
271 1
272 1
273 1
274 1
275 1
278 1
279 1
282 5
283 1
287 3
289 1
291 2
292 1
294 2
295 1
296 3
297 5
298 3
299 2
300 1
301 1
303 4
305 2
306 2
308 6
309 1
310 2
312 3
313 1
314 1
316 1
317 2
321 4
322 1
325 2
326 1
327 4
328 3
330 1
331 1
332 1
333 1
334 1
335 1
336 1
338 1
342 2
343 2
345 1
346 3
347 1
348 1
349 1
350 1
352 1
354 1
355 1
359 1
364 1
365 1
367 1
371 1
372 2
373 1
374 1
375 1
380 1
381 1
394 1
400 1
403 1
409 1
415 1
422 1
423 2
424 1
425 2
440 2
443 1
444 1
482 1
486 1
491 1
